1 39
1 86
1 502
3 58
3 89
4 67
4 77
5 11
5 29
5 34
5 42
5 49
5 50
5 55
5 65
5 77
6 47
6 55
6 61
6 87
6 90
6 96
7 13
7 14
7 22
7 65
7 69
7 73
7 491
8 97
8 594
9 19
9 25
9 37
9 54
9 75
10 61
10 99
10 207
11 75
11 470
12 36
12 100
13 30
13 97
13 99
13 270
14 42
14 80
14 427
15 29
15 60
15 82
15 83
15 99
16 18
16 21
16 87
17 66
17 74
17 76
17 80
17 237
18 25
18 34
18 39
18 44
18 65
18 73
18 93
18 97
19 21
19 39
20 34
20 41
21 56
21 58
21 69
21 85
22 32
22 70
22 77
22 97
22 250
23 40
23 45
23 64
24 38
25 31
25 55
25 61
25 74
25 81
25 89
25 92
25 99
25 100
25 174
26 77
26 88
27 29
27 164
27 272
28 31
28 39
28 87
28 97
28 282
28 529
29 34
29 55
29 69
29 79
29 98
30 87
30 100
30 222
30 390
31 38
31 67
31 80
31 87
32 33
32 36
32 40
32 85
33 54
33 75
33 88
33 91
34 61
34 65
34 69
34 87
34 97
35 37
35 54
35 61
35 92
35 100
36 84
36 283
37 48
37 61
37 73
38 66
38 78
38 97
39 67
39 93
40 60
40 61
40 87
40 97
41 63
41 87
42 48
42 73
43 100
44 57
44 61
44 575
45 69
46 53
46 61
46 83
47 81
47 87
47 103
47 128
47 355
48 73
48 85
49 86
49 87
50 75
50 100
51 77
51 82
51 86
51 90
52 70
53 83
53 84
54 78
54 83
54 87
54 207
54 311
54 416
55 73
55 88
56 98
57 96
57 100
58 63
58 75
58 77
58 99
59 65
59 72
59 77
59 81
59 99
59 410
60 61
60 67
60 81
60 98
61 65
61 72
62 92
62 210
63 83
63 99
64 87
64 423
65 83
65 96
65 97
65 99
66 87
66 421
67 88
67 99
68 74
68 371
69 87
69 100
70 88
71 80
71 97
73 78
75 79
75 96
75 120
76 288
77 80
77 599
78 87
78 340
78 439
79 505
80 84
80 96
80 97
82 87
82 99
82 375
83 88
83 97
84 95
84 97
85 87
85 97
85 311
87 88
87 92
87 99
88 552
90 96
91 550
92 98
93 527
94 548
95 290
96 99
97 98
97 99
97 520
97 565
98 132
98 488
101 111
101 115
101 152
101 154
101 176
101 482
102 104
102 139
102 169
102 171
102 174
102 182
102 194
103 110
103 130
103 151
103 183
103 199
104 121
104 140
104 164
104 170
105 133
105 187
106 124
106 138
106 166
106 194
106 333
107 151
108 117
108 122
108 134
108 137
108 151
108 191
109 150
109 199
109 462
110 141
110 159
110 160
110 168
110 199
111 146
111 165
111 183
111 199
112 115
112 118
112 163
113 177
113 194
113 196
114 123
114 134
114 135
114 196
114 197
115 118
115 119
115 127
115 145
115 183
115 185
115 192
115 197
116 125
116 141
116 153
116 165
116 194
117 200
118 126
118 137
118 154
118 196
118 488
119 120
119 130
119 153
119 156
119 168
119 179
119 184
120 163
120 402
121 137
121 173
121 200
122 136
122 143
122 151
122 154
123 134
123 170
123 184
124 141
124 151
124 173
124 183
125 131
125 188
126 128
126 139
126 151
127 172
127 186
128 138
128 148
128 166
128 178
128 195
129 137
129 168
129 183
129 370
129 583
130 133
130 138
130 176
130 178
131 187
131 560
132 198
133 144
133 151
133 172
133 183
133 189
134 147
134 154
134 180
134 190
134 414
135 138
135 151
135 179
135 538
137 149
137 199
137 200
138 171
138 193
138 194
138 199
138 255
139 144
139 173
139 189
140 164
140 174
141 163
141 179
141 183
141 188
141 199
141 495
142 144
142 155
142 192
142 592
143 174
143 176
143 197
143 475
144 149
144 151
144 168
144 171
145 151
145 169
147 156
147 182
147 187
147 194
148 172
148 192
149 158
149 160
149 291
150 163
150 175
150 210
151 160
151 164
151 167
151 188
151 191
151 194
151 200
152 162
152 166
152 176
152 177
153 174
153 182
153 193
154 187
154 590
155 162
155 164
156 171
157 171
157 187
158 176
158 600
159 165
160 164
160 184
160 192
160 199
160 596
161 383
161 485
162 165
162 181
162 194
163 172
163 176
164 178
164 181
164 186
164 199
165 190
168 184
168 346
169 187
169 196
170 187
170 215
170 406
171 172
171 189
172 181
172 199
174 176
175 182
175 191
175 193
175 197
175 199
175 317
176 363
176 395
177 199
177 368
178 503
179 199
180 183
180 191
181 197
183 186
183 583
185 190
185 195
185 197
188 196
188 198
188 199
190 192
192 442
193 259
194 417
197 428
198 234
200 213
201 215
201 218
201 237
201 238
201 255
201 256
201 260
201 271
201 285
202 222
202 244
202 276
202 286
203 234
203 262
203 274
203 277
203 284
203 287
204 215
204 223
204 248
205 217
205 226
205 230
205 239
205 260
205 278
206 216
206 252
207 240
207 268
207 276
207 287
208 223
209 224
209 230
209 255
210 216
210 226
210 249
210 255
210 265
210 268
210 271
210 274
210 285
210 300
211 283
211 413
212 216
212 246
212 264
212 269
212 273
212 275
213 221
213 223
213 225
213 243
213 291
214 216
214 256
214 264
215 227
215 230
215 234
215 262
215 285
216 234
216 241
216 254
216 265
216 266
216 268
216 276
216 292
216 366
217 268
217 270
218 255
218 275
218 277
218 373
219 274
220 234
220 242
220 244
220 265
221 237
221 238
221 248
221 257
221 261
221 274
221 278
221 283
221 292
222 255
222 256
222 354
223 228
223 272
223 461
224 267
225 256
225 259
225 285
226 245
226 246
226 256
226 264
226 268
226 281
226 475
226 535
227 243
227 282
227 292
227 485
228 242
228 256
228 281
228 286
228 523
229 252
229 255
229 286
230 250
230 253
230 256
230 262
230 268
230 272
230 293
230 299
231 266
231 268
231 269
231 271
232 247
232 262
232 452
233 276
233 289
233 290
234 242
234 244
234 246
234 257
234 271
234 277
235 238
235 260
235 294
235 300
236 268
236 286
238 241
238 272
239 283
240 255
240 291
240 295
240 518
241 255
241 285
241 295
242 271
242 274
242 286
243 246
243 257
244 256
244 260
244 267
244 286
244 294
244 422
245 274
245 376
246 258
246 261
246 262
246 279
246 298
246 490
248 289
249 296
249 592
250 255
250 266
250 287
251 274
251 293
252 253
252 260
252 286
252 298
254 283
254 289
255 269
255 276
255 280
255 283
255 291
255 294
256 266
256 270
256 283
256 288
256 291
257 261
258 286
258 599
259 262
259 263
259 266
259 268
260 263
260 265
260 267
260 269
260 289
260 292
260 299
261 266
261 268
261 275
261 287
262 281
262 290
263 274
263 444
263 544
263 575
264 288
264 292
265 274
265 300
266 286
266 291
266 292
267 268
268 280
268 285
270 274
271 272
271 280
272 291
273 280
274 275
274 300
276 570
278 295
278 299
279 295
279 407
280 286
281 283
281 291
281 296
282 466
282 585
283 294
285 288
286 288
286 531
290 296
290 381
291 293
293 459
296 432
296 496
297 300
301 307
301 315
301 331
301 364
301 377
301 378
301 380
302 305
302 320
302 324
302 328
302 335
303 328
303 329
303 392
303 399
304 311
304 329
304 368
304 391
304 483
305 308
305 320
305 322
305 372
306 315
306 324
306 326
306 370
307 322
307 329
307 339
307 382
308 321
308 322
308 330
308 357
308 361
308 390
309 322
309 325
309 334
309 337
309 357
309 390
310 311
310 324
310 326
310 346
310 361
310 372
310 377
311 316
311 319
311 332
311 353
311 369
311 391
311 400
312 329
312 340
312 368
312 389
313 345
313 348
313 361
313 390
314 315
314 322
314 341
314 372
314 385
314 388
315 357
315 376
316 322
316 324
316 330
316 333
316 337
316 372
316 374
316 395
317 331
317 336
317 363
317 371
317 380
317 540
318 323
318 336
318 340
318 346
318 349
318 357
319 322
319 351
319 356
319 399
320 321
320 358
320 359
320 377
320 383
320 572
320 579
321 327
321 330
321 331
321 333
321 345
321 350
321 366
322 329
322 346
322 381
322 395
324 330
324 337
324 363
324 369
324 385
324 391
324 396
324 397
325 373
325 389
326 399
326 599
327 341
327 355
327 366
327 371
327 399
328 353
328 355
328 366
328 383
328 385
328 390
329 384
329 399
330 336
330 349
331 334
331 344
332 333
332 352
332 364
332 555
333 353
333 357
333 363
333 391
334 338
334 345
334 352
335 345
335 357
335 380
335 390
336 355
336 381
336 384
336 387
336 388
336 395
336 485
337 594
338 339
338 348
338 351
338 393
338 398
339 400
340 372
340 388
341 346
341 355
341 374
341 388
343 368
345 355
346 362
346 367
346 377
346 384
346 414
347 376
347 387
347 393
347 396
348 363
348 380
348 388
348 573
349 357
349 368
349 400
350 360
351 353
351 355
351 368
351 379
351 382
351 388
351 391
351 393
351 399
352 357
352 370
352 383
353 363
353 371
353 399
354 391
354 398
354 400
355 358
355 359
355 367
355 375
356 387
356 392
357 359
357 360
357 380
357 392
358 365
358 374
359 372
359 375
361 383
361 400
362 380
362 389
363 393
363 400
364 370
364 378
364 399
365 373
365 392
366 377
366 397
369 374
369 390
370 380
370 383
371 388
371 400
371 413
371 456
372 386
372 440
373 391
373 399
375 390
376 391
377 386
377 391
377 396
377 398
378 389
378 392
378 398
379 380
380 388
380 511
383 394
388 490
388 560
389 392
389 571
396 400
399 449
401 410
401 411
401 429
401 434
401 443
401 464
402 411
402 419
402 431
402 477
402 488
402 499
403 424
403 440
403 454
403 463
403 490
404 406
404 411
404 417
404 434
404 437
404 442
404 457
404 461
404 465
404 473
404 486
405 411
405 412
405 414
405 433
405 443
405 444
405 458
405 465
405 494
406 422
407 454
407 466
407 495
408 434
408 438
408 452
408 456
408 459
408 464
408 471
408 477
408 485
409 445
409 460
410 420
410 427
410 434
410 452
410 474
410 494
411 418
411 423
411 426
411 453
411 457
411 477
411 479
411 488
412 417
412 437
412 455
412 472
412 490
412 494
412 496
412 500
413 424
413 451
413 500
414 471
415 416
415 443
415 465
415 471
415 488
416 419
416 440
416 460
417 427
417 442
418 456
418 490
418 580
419 424
419 433
419 438
419 457
419 478
419 497
420 459
420 469
420 488
421 440
421 444
421 494
422 438
422 439
422 444
422 449
422 463
422 477
422 487
422 488
422 497
423 427
423 429
423 434
423 449
423 481
424 493
425 439
425 440
425 447
425 484
426 430
426 435
426 442
426 467
426 485
427 429
427 442
427 450
427 454
427 515
428 484
428 495
429 454
429 456
429 466
429 477
429 491
429 536
430 441
430 442
430 446
430 452
430 467
430 489
430 491
430 520
431 440
431 454
431 461
431 524
432 455
432 459
432 467
432 479
433 444
433 485
433 587
434 437
434 441
434 442
434 474
435 446
435 449
435 467
435 488
436 456
436 464
436 485
436 538
437 439
437 444
437 455
437 476
437 492
438 441
438 495
439 444
440 473
440 492
440 493
440 497
441 442
441 451
441 452
441 500
442 447
442 449
442 474
442 476
442 477
442 478
442 481
442 483
442 484
442 488
443 467
443 473
443 495
444 457
444 469
444 473
444 482
445 470
445 473
445 484
445 486
445 493
445 496
446 458
446 461
446 488
447 475
447 496
447 498
447 586
448 451
448 469
448 471
448 476
448 479
448 481
449 465
449 489
450 461
450 467
450 545
451 457
451 473
451 476
451 488
452 478
452 482
452 492
452 494
453 484
453 497
454 470
454 476
454 477
455 485
456 481
456 493
457 468
457 473
457 483
457 489
457 582
458 486
459 489
461 472
461 479
461 488
462 474
463 471
464 469
464 476
465 468
465 486
465 497
466 494
467 479
468 476
468 490
469 471
469 484
469 486
470 476
470 480
470 491
473 478
473 484
473 486
474 476
475 476
475 479
476 480
476 484
476 498
477 481
477 487
478 479
478 499
480 481
481 486
481 547
482 593
484 492
484 495
486 494
486 496
490 491
493 496
494 499
495 497
500 539
501 502
501 527
501 534
501 549
501 576
502 574
502 582
503 510
503 527
504 586
507 558
507 574
508 511
508 523
508 532
508 555
508 558
508 569
508 587
510 515
510 594
511 568
511 570
511 579
512 524
512 558
512 567
512 587
513 565
513 566
513 579
513 582
514 543
514 551
514 570
515 520
515 526
515 542
515 547
515 572
516 533
516 536
516 555
516 567
516 593
516 597
517 524
517 558
517 600
518 542
518 585
518 592
519 563
520 521
520 525
520 527
520 529
520 539
520 562
520 575
520 582
520 587
520 588
521 531
521 532
521 535
521 549
521 551
521 553
521 561
521 592
521 597
522 569
522 586
523 526
523 559
523 568
523 588
523 599
524 536
524 579
525 536
525 541
525 585
526 537
526 557
526 560
526 569
526 574
526 577
526 591
527 540
527 547
527 553
527 555
527 558
527 575
527 594
528 544
529 532
529 585
529 586
530 558
530 592
530 600
531 574
532 540
532 564
532 582
532 585
532 588
532 597
533 555
533 579
533 596
534 573
534 582
535 546
535 550
535 573
535 578
535 580
535 585
536 568
536 586
537 585
537 595
538 553
539 549
539 568
539 574
541 559
541 561
542 563
542 580
542 591
542 598
543 554
545 564
545 586
546 557
546 570
546 582
546 600
547 549
547 563
547 569
547 591
548 557
548 570
548 574
549 580
549 595
550 577
551 557
551 582
551 586
551 589
551 596
552 554
552 562
552 588
552 589
553 571
554 586
555 577
555 588
555 597
556 576
558 560
558 570
558 583
559 569
559 581
559 583
560 572
561 574
561 586
562 569
563 565
563 591
564 580
565 569
565 575
565 592
566 595
567 600
568 572
568 581
568 589
569 582
569 583
570 578
570 582
570 583
573 574
573 583
573 587
573 600
574 581
574 596
574 599
577 585
578 589
579 586
583 591
583 592
585 597
591 596
594 598
594 599
595 600
