1 86
1 100
1 112
1 141
1 154
1 185
2 19
2 72
2 91
2 193
3 118
3 144
3 171
3 175
4 88
4 139
5 29
5 121
6 151
6 160
6 179
7 22
7 38
7 58
7 80
7 106
7 137
7 155
7 190
8 9
8 85
8 125
8 194
9 18
9 59
10 68
10 121
10 140
11 79
11 94
11 145
11 153
11 167
12 63
12 71
12 170
12 182
12 187
13 29
13 47
13 119
13 150
13 167
14 24
14 90
14 187
15 62
15 81
15 131
15 149
15 199
16 53
16 59
16 103
16 104
16 192
17 55
17 69
17 87
17 99
18 63
18 72
18 95
18 153
18 171
18 173
18 181
18 195
18 200
19 26
19 85
19 156
19 193
19 197
20 29
20 114
20 152
20 183
21 22
21 36
21 48
21 65
21 75
21 142
21 159
22 73
23 72
23 140
24 27
24 56
24 86
24 193
24 194
25 98
26 60
26 141
26 166
27 63
27 170
27 171
27 189
28 30
28 64
28 98
28 111
28 149
28 153
28 161
28 198
29 88
29 164
30 67
30 131
30 172
30 185
30 200
31 116
31 146
31 154
32 97
32 117
32 185
33 50
33 111
33 122
33 160
34 90
34 139
34 172
34 198
35 68
35 119
36 57
36 58
36 64
36 109
37 68
38 63
38 142
39 60
39 177
40 49
40 51
40 56
40 61
40 62
40 70
40 112
40 161
40 181
41 113
41 115
41 117
41 136
41 175
41 180
41 195
42 46
42 63
42 80
42 94
42 139
42 190
43 61
43 95
43 98
43 120
43 141
44 163
44 169
45 192
46 57
46 130
46 149
46 188
46 189
47 72
49 50
49 66
49 105
50 148
50 169
50 184
51 58
51 144
51 172
51 184
52 57
52 64
52 177
53 67
53 88
54 92
54 111
54 172
54 184
55 84
55 124
55 125
55 131
55 138
55 139
55 146
55 168
56 76
56 145
57 108
57 125
57 151
57 155
57 176
58 64
58 167
59 79
59 142
59 198
60 130
61 74
61 104
61 132
61 193
62 81
62 146
62 161
63 71
63 83
63 116
63 122
64 69
64 119
64 143
64 149
64 175
64 193
65 126
65 142
66 197
67 98
67 116
68 102
68 117
68 130
68 136
68 138
68 155
68 164
68 185
69 152
69 180
69 193
70 86
70 112
70 158
70 164
71 113
71 164
72 88
72 98
72 172
72 198
73 95
73 155
74 78
74 109
76 112
76 142
76 161
77 130
77 142
77 164
77 166
77 193
78 104
78 157
78 176
79 93
80 171
80 173
80 183
81 103
81 118
81 134
81 170
81 184
81 187
82 139
82 194
83 126
83 168
84 105
84 117
84 197
85 103
85 139
85 160
86 106
87 100
87 187
87 195
87 196
89 92
89 112
89 137
90 118
90 165
91 95
91 109
91 200
93 103
93 159
93 163
94 111
95 150
96 167
96 196
97 102
98 119
98 123
98 153
98 174
99 148
99 178
99 179
100 108
101 152
102 128
103 127
103 131
103 172
104 179
104 186
105 107
105 125
105 144
106 120
107 117
107 120
108 126
108 169
108 171
108 193
109 152
109 153
109 156
109 163
109 179
109 200
110 141
110 150
110 165
110 170
110 181
111 169
112 156
112 188
113 133
114 120
114 142
114 157
114 173
115 138
115 151
117 163
118 138
118 165
118 182
119 193
120 124
120 136
120 180
122 148
122 157
122 169
122 189
122 191
123 129
125 134
125 184
125 188
127 131
129 196
130 156
130 166
130 185
132 170
133 179
134 138
134 167
136 168
136 171
136 200
137 187
137 197
138 174
138 175
138 192
138 199
139 189
139 192
140 180
140 181
140 189
142 191
143 170
143 177
144 153
144 191
145 150
145 160
145 170
146 157
146 158
147 186
148 162
148 174
148 196
149 156
150 192
150 198
159 163
159 192
161 177
162 182
163 176
165 197
166 175
167 184
168 173
168 177
172 174
172 184
172 189
174 190
176 185
179 188
179 198
184 192
187 194
189 190
197 200
